#gnuplot> plot "recursive_fib_time"
#gnuplot> set style data linespoints
#gnuplot> set ylabel "time(sec)"
#gnuplot> set xlabel "fibonacci index"
#gnuplot> set grid
#gnuplot> replot
#
#idx	time(sec)
#---	----------
0	0.000085
1	0.000058
2	0.000072
3	0.000066
4	0.000072
5	0.000070
6	0.000070
7	0.000073
8	0.000079
9	0.000104
10	0.000079
11	0.000086
12	0.000085
13	0.000111
14	0.000114
15	0.000145
16	0.000231
17	0.000276
18	0.000425
19	0.000685
20	0.000904
21	0.001597
22	0.002245
23	0.004415
24	0.006064
25	0.010628
26	0.017327
27	0.030027
28	0.044558
29	0.072093
30	0.124578
31	0.186609
32	0.316560
33	0.511922
34	0.800041
35	1.299453
36	2.077171
37	3.361376
38	5.419006
39	8.982216
40	15.188188
41	23.469381
42	38.586475
43	61.449638
44	101.220825
45	165.142166
46	261.558929
