#gnuplot> plot "iterative_fib_time"
#gnuplot> set style data linespoints
#gnuplot> set ylabel "time(sec)"
#gnuplot> set xlabel "fibonacci index"
#gnuplot> set grid
#gnuplot> replot
#
#idx	time(sec)
#---	----------
0	0.000086
1	0.000072
2	0.000060
3	0.000107
4	0.000134
5	0.000065
6	0.000061
7	0.000060
8	0.000065
9	0.000059
10	0.000066
11	0.000065
12	0.000066
13	0.000155
14	0.000088
15	0.000060
16	0.000072
17	0.000106
18	0.000063
19	0.000063
20	0.000077
21	0.000076
22	0.000089
23	0.000060
24	0.000064
25	0.000063
26	0.000075
27	0.000063
28	0.000060
29	0.000063
30	0.000091
31	0.000072
32	0.000076
33	0.000064
34	0.000064
35	0.000065
36	0.000064
37	0.000063
38	0.000063
39	0.000072
40	0.000061
41	0.000063
42	0.000060
43	0.000062
44	0.000109
45	0.000059
46	0.000064
