#gnuplot> plot "iterative_fib_time"
#gnuplot> set style data linespoints
#gnuplot> set ylabel "time(sec)"
#gnuplot> set xlabel "fibonacci index"
#gnuplot> set grid
#gnuplot> replot
#
#idx	time(sec)
#---	----------
0	0.000055
1	0.000064
2	0.000072
3	0.000059
4	0.000062
5	0.000065
6	0.000077
7	0.000060
8	0.000062
9	0.000061
10	0.000059
11	0.000064
12	0.000063
13	0.000064
14	0.000077
15	0.000237
16	0.000063
17	0.000139
18	0.000061
19	0.000059
20	0.000098
21	0.000075
22	0.000071
23	0.000079
24	0.000066
25	0.000073
26	0.000064
27	0.000104
28	0.000095
29	0.000065
30	0.000223
31	0.000097
32	0.000106
33	0.000018
34	0.000075
35	0.000066
36	0.000066
37	0.000065
38	0.000059
39	0.000062
40	0.000063
41	0.000063
42	0.000063
43	0.000064
44	0.000067
45	0.000071
46	0.000064
