#gnuplot> plot "iterative_fib_time_native"
#gnuplot> set style data linespoints
#gnuplot> set ylabel "time(sec)"
#gnuplot> set xlabel "fibonacci index"
#gnuplot> set grid
#gnuplot> replot
#
#idx	time(sec)
#---	----------
0	0.000003
1	0.000004
2	0.000003
3	0.000004
4	0.000005
5	0.000004
6	0.000003
7	0.000167
8	0.000003
9	0.000003
10	0.000004
11	0.000003
12	0.000004
13	0.000004
14	0.000003
15	0.000004
16	0.000004
17	0.000003
18	0.000004
19	0.000004
20	0.000004
21	0.000004
22	0.000005
23	0.000004
24	0.000003
25	0.000003
26	0.000004
27	0.000004
28	0.000004
29	0.000003
30	0.000004
31	0.000003
32	0.000003
33	0.000003
34	0.000004
35	0.000003
36	0.000003
37	0.000004
38	0.000013
39	0.000003
40	0.000003
41	0.000004
42	0.000004
43	0.000004
44	0.000005
45	0.000004
46	0.000003
